1693 1693
1290 1290
1573 1573
1751 1751
1245 1245
1684 1684
416 416
2240 2240
1818 1818
590 590
1164 1164
1844 1844
2151 2151
167 167
2436 2436
1872 1872
937 937
764 764
734 734
207 207
360 360
1266 1266
1357 1357
1613 1613
1654 1654
2012 2012
1778 1778
2335 2335
1162 1162
1933 1933
910 910
1765 1765
1558 1558
606 606
1349 1349
1339 1339
1128 1128
212 212
2094 2091
2196 2196
1150 1150
702 702
854 854
1369 1369
577 577
1245 1290
574 574
332 332
756 756
1038 1038
1767 1767
377 377
856 856
631 631
46 46
2217 2217
2106 2106
656 656
1849 1849
2004 2004
767 767
1038 416
908 908
1711 1711
1312 1312
1369 1290
1820 1820
2124 2124
1900 1900
2341 2341
796 796
2325 2325
77 77
1006 1006
2209 2209
939 939
1072 1072
1588 1588
1881 1881
1696 1696
1443 1443
1992 1992
164 164
1243 1243
546 546
1001 1001
2180 2180
354 354
508 508
1227 1227
464 464
2087 2087
1026 1026
138 138
1554 1554
1056 1056
1585 1585
1598 1598
963 963
1207 1207
2141 2141
2248 2248
105 105
1684 1290
2326 2326
932 932
2243 2243
1994 1994
1536 1536
2333 2333
964 964
2160 2160
2306 2306
218 218
653 653
607 607
178 178
89 89
785 785
18 18
373 373
639 639
1007 1007
2048 2048
363 363
1170 1170
883 883
1776 1776
1047 1047
834 834
1975 1975
471 471
2336 2336
238 238
1158 1158
1454 1454
2331 2331
1752 1752
896 896
1632 1632
1978 1978
2219 2219
160 160
2014 2014
1376 1376
1352 1352
313 313
998 998
110 110
1346 1346
1157 1157
697 697
2088 2088
1344 1344
367 367
1552 1552
298 298
894 894
1871 1871
1358 1358
903 903
1744 1744
1746 1746
447 447
2007 2007
857 857
1164 1164
1693 1693
937 937
1601 1601
1033 1033
1450 1450
1867 1145
1681 1312
