1004 976
930 2008
1140 976
2211 316
2591 740
1950 1815
1374 1698
264 20
1142 1277
818 1868
2946 2250
1057 2251
476 740
1275 740
918 755
1316 1698
1889 1698
139 2250
1456 740
767 1698
2657 317
618 191
2565 755
1346 2759
2447 1657
2579 299
2476 1951
1092 1354
948 173
2726 1698
419 1666
2188 757
2231 1698
904 616
1898 2898
295 2473
153 2898
1515 2354
1214 740
1699 1519
2049 429
2903 740
184 652
2015 2126
840 2759
1754 616
2074 755
2493 317
383 1348
1752 1815
202 740
1369 755
1801 2834
1517 976
2530 173
750 13
357 1815
1499 976
2917 173
1792 2898
684 976
447 1307
2315 616
2552 1815
1231 2706
759 1598
1533 1066
1117 2759
873 755
1538 316
855 976
2371 1698
358 976
1751 1751
664 1698
709 1645
2563 316
2913 616
1709 2250
1200 1396
1208 2517
1071 1890
2265 755
231 1519
324 1698
802 1519
2435 1277
2272 2620
40 643
2276 13
981 13
1909 2759
1683 1066
423 643
188 1156
1352 2807
792 871
702 1093
817 2081
497 2197
1314 2898
2841 2631
526 1348
2643 787
1050 381
2952 2687
2151 2870
2828 871
1334 2571
495 585
1947 2571
2629 2597
2929 1815
875 1540
2692 2473
1158 1698
312 1782
36 1354
2297 2251
970 652
1544 20
1731 20
1886 381
2768 316
867 653
1473 669
907 1066
901 1782
2862 2862
2135 2135
1680 1782
