2591 740
1275 740
476 740
1456 740
1316 1698
2657 317
918 755
1889 1698
1374 1698
767 1698
1950 1815
1346 2759
948 173
2231 1698
930 2008
2447 1657
1214 740
840 2759
1699 1519
2903 740
2493 317
202 740
1004 976
383 1348
419 1666
1754 616
153 2898
2530 173
1751 1751
295 2473
618 191
2917 173
1792 2898
2015 2126
264 20
2074 755
1538 316
1369 755
750 13
2315 616
2726 1698
231 1519
2476 1951
2371 1698
873 755
2565 755
1909 2759
664 1698
324 1698
904 616
802 1519
2579 299
2265 755
312 1782
2211 316
1898 2898
2276 13
818 1868
1515 2354
2188 757
1801 2834
817 2081
1752 1815
1208 2517
702 1093
1117 2759
2435 1277
188 1156
2151 2870
1314 2898
2272 2620
2643 787
423 643
40 643
1071 1890
1231 2706
357 1815
1200 1396
1947 2571
1158 1698
497 2197
792 871
2913 616
495 585
2552 1815
2828 871
981 13
1352 2807
447 1307
2952 2687
1473 669
2629 2597
1334 2571
526 1348
2946 2250
901 1782
2862 2862
2135 2135
709 1645
139 2250
907 1066
2768 316
2692 2473
867 653
1731 20
1544 20
2563 316
855 976
2929 1815
1709 2250
2841 2631
358 976
1499 976
970 652
36 1354
2297 2251
875 1540
1517 976
184 652
1142 1277
1683 1066
1886 381
684 976
759 1598
1050 381
2049 429
1092 1354
1533 1066
1057 2251
1680 1782
1140 976
