1734 1734
1345 1345
1620 1620
1792 1792
1302 1302
1725 1725
461 461
2298 2298
1854 1854
645 645
1219 1219
1878 1878
2207 2207
823 823
195 195
2496 2496
1906 1906
1412 1412
796 796
1822 1822
1699 1699
1320 1320
1431 1431
1660 1660
2389 2389
1001 1001
1424 1424
1973 1973
229 229
2073 2073
1403 1403
1603 1603
1806 1806
979 979
662 662
236 236
1208 1208
1093 1093
1189 1189
816 816
1217 1217
924 924
633 633
755 755
1372 1372
399 399
629 629
2396 2396
1809 1809
2380 2380
679 679
2170 2170
369 369
926 926
57 57
707 707
2246 2246
827 827
855 855
977 977
420 420
1001 1372
2064 2064
1941 1941
1754 1754
153 153
1302 1345
1880 1880
1067 1067
2184 2184
94 94
1857 1857
2261 2261
1175 1175
1914 1914
2150 2150
1637 1637
1629 1629
2269 2269
1002 1002
567 567
1285 1285
1083 1083
1499 1499
1657 1657
1300 1300
1737 1737
1062 1062
1725 1345
1804 1804
2309 2309
606 606
2461 2461
2230 2230
2152 2152
2200 2200
1051 1051
510 510
2050 2050
163 163
1598 1598
1025 1025
109 109
2312 2465
1702 1702
1219 1792
1092 1092
125 125
2381 2381
131 131
1647 1647
1127 1127
996 996
1282 1282
393 393
2385 2385
2302 2302
1578 1578
2131 2131
245 245
2388 2388
1027 1027
2362 2362
704 704
2215 2215
206 206
844 844
1943 1943
21 21
1068 1068
663 663
2119 2119
1226 1226
950 950
402 402
687 687
1820 1820
1215 1215
414 414
2391 2391
522 522
1101 1101
291 291
2027 2027
1509 1509
2154 2154
897 897
187 187
1214 1214
1058 1058
1678 1678
266 266
1277 1277
1793 1793
1407 1407
962 962
2068 2068
2273 2273
1593 1593
350 350
1416 1416
2030 2030
2079 2079
1409 1409
406 406
749 749
1438 1438
961 961
1904 1904
1425 1425
787 787
327 327
880 880
2265 2265
2467 2467
1479 1479
1380 1380
1650 1650
450 450
1734 1734
1089 1089
2052 2052
1508 1508
